44
44
33
77
88
165
39
204
13
217
44
261
42
303
68
371
86
457
47
504
64
568
65
633
61
694
66
760
57
817
82
899
27
926
89
1015
69
1084
26
1110
32
1142
15
1157
41
1198
29
1227
84
1311
88
1399
86
1485
12
1497
34
1531
51
1582
13
1595
97
1692
97
1789
89
1878
94
1972
23
1995
32
2027
54
2081
99
2180
11
2191
37
2228
18
2246
39
2285
62
2347
32
2379
13
2392
69
2461
48
2509
59
2568
23
2591
76
2667
21
2688
77
2765
87
2852
77
2929
48
2977
88
3065
28
3093
29
3122
52
3174
14
3188
82
3270
28
3298
65
3363
81
3444
47
3491
61
3552
92
3644
41
3685
67
3752
81
3833
33
3866
73
3939
31
3970
62
4032
94
4126
15
4141
43
4184
82
4266
58
4324
28
4352
24
4376
33
4409
52
4461
68
4529
31
4560
88
4648
95
4743
13
4756
14
4770
62
4832
17
4849
15
4864
69
4933
77
5010
44
5054
18
5072
19
5091
55
5146
22
5168
36
5204
35
5239
11
5250
88
5338
87
5425
74
5499
66
5565
44
5609
59
5668
44
5712
61
5773
55
5828
23
5851
88
5939
22
5961
22
5983
55
6038
88
6126
53
6179
43
6222
41
6263
37
6300
85
6385
13
6398
15
6413
33
6446
44
6490
11
6501
55
6556
11
6567
96
6663
12
6675
16
6691
32
6723
29
6752
79
6831
19
6850
13
6863
89
6952
72
7024
42
7066
37
7103
22
7125
96
7221
24
7245
45
7290
46
7336
89
7425
12
7437
21
7458
53
7511
46
7557
49
7606
21
7627
89
7716
22
7738
22
7760
57
7817
62
7879
23
7902
21
7923
72
7995
98
8093
77
8170
12
8182
87
8269
85
8354
46
8400
97
8497
64
8561
82
8643
12
8655
98
8753
93
8846
44
8890
37
8927
82
9009
15
9024
95
9119
25
9144
55
9199
74
9273
37
9310
14
9324
65
9389
62
9451
61
9512
54
9566
82
9648
84
9732
19
9751
11
9762
58
9820
54
9874
58
9932
28
9960
97
10057
85
10142
66
10208
21
10229
21
10250
74
10324
74
10398
38
10436
74
10510
11
10521
13
10534
73
10607
63
10670
76
10746
18
10764
71
10835
88
10923
26
10949
44
10993
22
11015
26
11041
77
11118
63
11181
93
11274
79
11353
99
11452
58
11510
88
11598
76
11674
49
11723
37
11760
82
11842
37
11879
11
11890
12
11902
55
11957
44
12001
99
12100
55
12155
81
12236
45
12281
26
12307
51
12358
65
12423
63
12486
97
12583
99
12682
69
12751
35
12786
86
12872
75
12947
69
13016
26
13042
88
13130
69
13199
74
13273
38
13311
31
13342
18
13360
35
13395
67
13462
95
13557
98
13655
73
13728
73
13801
14
13815
28
13843
66
13909
22
13931
73
14004
77
14081
33
14114
28
14142
58
14200
15
14215
79
14294
12
14306
32
14338
28
14366
98
14464
73
14537
48
14585
91
14676
74
14750
22
14772
49
14821
41
14862
63
14925
86
15011
11
15022
25
15047
83
15130
81
15211
94
15305
87
15392
62
15454
94
15548
71
15619
86
15705
91
15796
66
15862
54
15916
87
16003
78
16081
45
16126
63
16189
84
16273
41
16314
68
16382
55
16437
45
16482
93
16575
94
16669
75
16744
16
16760
45
16805
66
16871
25
16896
99
16995
32
17027
11
17038
32
17070
34
17104
63
17167
59
17226
89
17315
96
17411
54
17465
52
17517
39
17556
26
17582
87
17669
66
17735
63
17798
61
17859
28
17887
97
17984
63
18047
56
18103
99
18202
22
18224
25
18249
96
18345
36
18381
26
18407
82
18489
28
18517
91
18608
29
18637
58
18695
19
18714
11
18725
74
18799
95
18894
42
18936
96
19032
11
19043
36
19079
28
19107
63
19170
61
19231
38
19269
18
19287
23
19310
29
19339
72
19411
12
19423
77
19500
79
19579
74
19653
43
19696
62
19758
36
19794
37
19831
85
19916
78
19994
22
20016
66
20082
44
20126
99
20225
62
20287
93
20380
62
20442
41
20483
11
20494
82
20576
15
20591
17
20608
73
20681
32
20713
15
20728
82
20810
14
20824
51
20875
68
20943
32
20975
45
21020
27
21047
79
21126
85
21211
62
21273
11
21284
92
21376
81
21457
53
21510
71
21581
43
21624
64
21688
98
21786
24
21810
73
21883
57
21940
59
21999
14
22013
47
22060
26
22086
86
22172
21
22193
77
22270
48
22318
76
22394
61
22455
78
22533
61
22594
38
22632
97
22729
51
22780
42
22822
92
22914
22
22936
85
23021
54
23075
18
23093
38
23131
11
23142
71
23213
49
23262
58
23320
53
23373
97
23470
22
23492
91
23583
46
23629
31
23660
86
23746
43
23789
68
23857
54
23911
53
23964
98
24062
59
24121
59
24180
69
24249
47
24296
72
24368
77
24445
74
24519
23
24542
21
24563
52
24615
36
24651
68
24719
78
24797
16
24813
93
24906
86
24992
41
25033
68
25101
78
25179
65
25244
78
25322
32
25354
19
25373
55
25428
76
25504
26
25530
27
25557
88
25645
94
25739
98
25837
26
25863
96
25959
14
25973
96
26069
93
26162
11
26173
35
26208
58
26266
44
26310
28
26338
39
26377
62
26439
38
26477
81
26558
99
26657
55
26712
49
26761
84
26845
98
26943
88
27031
31
27062
99
27161
36
27197
63
27260
88
27348
85
27433
93
27526
78
27604
86
27690
68
27758
47
27805
72
27877
32
27909
55
27964
95
28059
71
28130
86
28216
68
28284
73
28357
51
28408
88
28496
18
28514
34
28548
55
28603
47
28650
69
28719
15
28734
71
28805
41
28846
89
28935
34
28969
83
29052
29
29081
45
29126
51
29177
15
29192
82
29274
52
29326
27
29353
51
29404
26
29430
76
29506
13
29519
15
29534
69
29603
13
29616
76
29692
76
29768
16
29784
81
29865
45
29910
97
30007
54
30061
58
30119
45
30164
53
30217
89
30306
44
30350
48
30398
99
30497
18
30515
16
30531
76
30607
49
30656
28
30684
63
30747
59
30806
46
30852
38
30890
96
30986
24
31010
77
31087
75
31162
89
31251
43
31294
26
31320
11
31331
23
31354
99
31453
89
31542
12
31554
44
31598
58
31656
92
31748
67
31815
86
31901
41
31942
92
32034
65
32099
51
32150
63
32213
87
32300
99
32399
41
32440
31
32471
96
32567
55
32622
11
32633
98
32731
23
32754
57
32811
22
32833
77
32910
58
32968
29
32997
88
33085
36
33121
18
33139
39
33178
52
33230
71
33301
88
33389
66
33455
48
33503
57
33560
26
33586
22
33608
14
33622
42
33664
16
33680
63
33743
82
33825
19
33844
58
33902
47
33949
45
33994
75
34069
96
34165
71
34236
17
34253
48
34301
29
34330
88
34418
68
34486
64
34550
51
34601
87
34688
15
34703
71
34774
45
34819
35
34854
97
34951
53
35004
78
35082
98
35180
88
35268
31
35299
55
35354
46
35400
98
35498
11
35509
73
35582
63
35645
86
35731
99
35830
14
35844
67
35911
44
35955
18
35973
94
36067
17
36084
36
36120
64
36184
27
36211
53
36264
78
36342
35
36377
95
36472
16
36488
68
36556
11
36567
92
36659
79
36738
27
36765
22
36787
37
36824
31
36855
98
36953
71
37024
27
37051
87
37138
16
37154
64
37218
51
37269
88
37357
38
37395
61
37456
27
37483
59
37542
29
37571
81
37652
86
37738
65
37803
98
37901
39
37940
56
37996
88
38084
77
38161
28
38189
52
38241
39
38280
91
38371
54
38425
27
38452
32
38484
68
38552
29
38581
87
38668
82
38750
41
38791
61
38852
35
38887
69
38956
57
39013
88
39101
33
39134
42
39176
41
39217
64
39281
87
39368
42
39410
72
39482
78
39560
12
39572
56
39628
67
39695
39
39734
26
39760
74
39834
71
39905
63
39968
34
40002
16
40018
68
40086
23
40109
51
40160
66
40226
28
40254
24
40278
33
40311
23
40334
99
40433
88
40521
76
40597
33
40630
14
40644
49
40693
13
40706
18
40724
79
40803
43
40846
12
40858
86
40944
49
40993
54
41047
95
41142
27
41169
48
41217
77
41294
16
41310
68
41378
82
41460
88
41548
68
41616
69
41685
38
41723
23
41746
79
41825
84
41909
46
41955
56
42011
27
42038
25
42063
16
42079
15
42094
89
42183
37
42220
92
42312
89
42401
67
42468
24
42492
17
42509
95
42604
97
42701
78
42779
97
42876
87
42963
51
43014
41
43055
33
43088
37
43125
82
43207
13
43220
95
43315
95
43410
95
43505
35
43540
28
43568
56
43624
47
43671
17
43688
58
43746
85
43831
43
43874
45
43919
11
43930
21
43951
94
44045
87
44132
64
44196
69
44265
64
44329
95
44424
26
44450
78
44528
89
44617
23
44640
16
44656
26
44682
67
44749
43
44792
61
44853
17
44870
88
44958
61
45019
87
45106
36
45142
22
45164
29
45193
45
45238
45
45283
59
45342
46
45388
22
45410
52
45462
35
45497
86
45583
12
45595
72
45667
59
45726
36
45762
24
45786
32
45818
51
45869
35
45904
24
45928
98
46026
89
46115
79
46194
61
46255
75
46330
82
46412
92
46504
96
46600
46
46646
68
46714
91
46805
28
46833
38
46871
34
46905
32
46937
44
46981
77
47058
13
47071
99
47170
96
47266
88
47354
75
47429
67
47496
22
47518
66
47584
88
47672
82
47754
71
47825
15
47840
89
47929
55
47984
53
48037
26
48063
55
48118
69
48187
27
48214
25
48239
49
48288
62
48350
77
48427
62
48489
56
48545
54
48599
17
48616
98
48714
49
48763
93
48856
55
48911
26
48937
37
48974
33
49007
18
49025
49
49074
99
49173
27
49200
25
49225
79
49304
67
49371
52
49423
33
49456
24
49480
84
49564
56
49620
55
49675
23
49698
41
49739
65
49804
63
49867
48
49915
13
49928
33
49961
98
50059
37
50096
44
50140
21
50161
11
50172
12
50184
55
50239
28
50267
33
50300
73
50373
13
50386
77
50463
53
50516
74
50590
59
50649
47
50696
16
50712
42
50754
61
50815
19
50834
39
50873
24
50897
12
50909
29
50938
49
50987
23
51010
71
51081
29
51110
39
51149
33
51182
42
51224
18
51242
34
51276
26
51302
17
51319
77
51396
66
51462
11
51473
81
51554
41
51595
25
51620
24
51644
21
51665
85
51750
58
51808
75
51883
56
51939
64
52003
88
52091
77
52168
48
52216
75
52291
12
52303
71
52374
77
52451
99
52550
38
52588
17
52605
83
52688
96
52784
39
52823
51
52874
56
52930
73
53003
22
53025
47
53072
48
53120
47
53167
15
53182
24
53206
38
53244
94
53338
26
53364
68
53432
93
53525
37
53562
28
53590
31
53621
64
53685
55
53740
74
53814
33
53847
17
53864
62
53926
22
53948
52
54000
86
54086